,mean,sd,mc_error,hpd_2.5,hpd_97.5,n_eff,Rhat
a__0_0,15.149318,0.45913833,0.004392468556761742,14.275053024291992,16.074464797973633,11126.0,1.0001945495605469
a__1_0,60.96075,0.3548668,0.0038568127900362017,60.29352951049805,61.66337585449219,9458.0,1.000059962272644
a__2_0,59.22616,0.47718516,0.005080246180295944,58.31785202026367,60.17277526855469,9561.0,0.9999901652336121
b__0_0,29.762012,1.6411024,0.01662638336420059,26.606454849243164,33.000675201416016,11648.0,1.0001946687698364
b__1_0,146.55405,1.3446329,0.014664582908153534,143.95352172851562,149.24533081054688,8729.0,0.9999123215675354
b__2_0,514.6963,9.656206,0.09952825903892518,495.8834228515625,533.76953125,9412.0,1.0000942945480347
s,42.566483,0.9466234,0.0096142016351223,40.687721252441406,44.39682388305664,9747.0,1.0000993783291348
W,7.808211,0.011441698,0.00010388903319835663,7.786159038543701,7.830865383148193,12000.0,1.0000536421467847
H0,29.822407,0.36292866,0.0037908047437667848,29.101306915283203,30.53023910522461,9108.0,1.000154039838549
v_max,542.1553,0.8259461,0.007121772319078445,540.5346069335938,543.7518310546875,12000.0,1.000339235977009
e,0.9729953,0.007563161,6.399875273928046e-05,0.9585493206977844,0.9878919124603271,12000.0,0.9999450768477758
